# "nmix.dat" produced by dat_write() from ADMButils; Wed Jan 16 00:22:11 2013
# R 
 100 

# T 
 10 

# S 
 21 

# nG 
 40 

# N 
 0 1 2 3 4 5 6 7 8 9 10 11 12 13 14 15 16 17 18 19 20 

# nID 
 1 1 2 1 1 1 1 2 1 1 1 1 2 1 1 1 1 2 1 1 1 1 2 1 1 1 1 2 1 1 1 1 2 1 1 1 1 2 1 1 1 1 2 1 1 1 1 2 1 1 1 1 2 1 1 1 1 2 1 1 1 1 2 1 1 1 1 2 1 1 1 1 2 1 1 1 1 2 1 1 1 1 2 1 1 1 1 2 1 1 1 1 2 1 1 1 1 2 1 1 

# ID 
1 
1 
1 2 
2 
2 
3 
3 
3 4 
4 
4 
5 
5 
5 6 
6 
6 
7 
7 
7 8 
8 
8 
9 
9 
9 10 
10 
10 
11 
11 
11 12 
12 
12 
13 
13 
13 14 
14 
14 
15 
15 
15 16 
16 
16 
17 
17 
17 18 
18 
18 
19 
19 
19 20 
20 
20 
21 
21 
21 22 
22 
22 
23 
23 
23 24 
24 
24 
25 
25 
25 26 
26 
26 
27 
27 
27 28 
28 
28 
29 
29 
29 30 
30 
30 
31 
31 
31 32 
32 
32 
33 
33 
33 34 
34 
34 
35 
35 
35 36 
36 
36 
37 
37 
37 38 
38 
38 
39 
39 
39 40 
40 
40 

# IDind 
1 1 1 1 1 1 1 1 1 1
1 1 1 1 1 1 1 1 1 1
1 1 1 1 1 2 2 2 2 2
1 1 1 1 1 1 1 1 1 1
1 1 1 1 1 1 1 1 1 1
1 1 1 1 1 1 1 1 1 1
1 1 1 1 1 1 1 1 1 1
1 1 1 1 1 2 2 2 2 2
1 1 1 1 1 1 1 1 1 1
1 1 1 1 1 1 1 1 1 1
1 1 1 1 1 1 1 1 1 1
1 1 1 1 1 1 1 1 1 1
1 1 1 1 1 2 2 2 2 2
1 1 1 1 1 1 1 1 1 1
1 1 1 1 1 1 1 1 1 1
1 1 1 1 1 1 1 1 1 1
1 1 1 1 1 1 1 1 1 1
1 1 1 1 1 2 2 2 2 2
1 1 1 1 1 1 1 1 1 1
1 1 1 1 1 1 1 1 1 1
1 1 1 1 1 1 1 1 1 1
1 1 1 1 1 1 1 1 1 1
1 1 1 1 1 2 2 2 2 2
1 1 1 1 1 1 1 1 1 1
1 1 1 1 1 1 1 1 1 1
1 1 1 1 1 1 1 1 1 1
1 1 1 1 1 1 1 1 1 1
1 1 1 1 1 2 2 2 2 2
1 1 1 1 1 1 1 1 1 1
1 1 1 1 1 1 1 1 1 1
1 1 1 1 1 1 1 1 1 1
1 1 1 1 1 1 1 1 1 1
1 1 1 1 1 2 2 2 2 2
1 1 1 1 1 1 1 1 1 1
1 1 1 1 1 1 1 1 1 1
1 1 1 1 1 1 1 1 1 1
1 1 1 1 1 1 1 1 1 1
1 1 1 1 1 2 2 2 2 2
1 1 1 1 1 1 1 1 1 1
1 1 1 1 1 1 1 1 1 1
1 1 1 1 1 1 1 1 1 1
1 1 1 1 1 1 1 1 1 1
1 1 1 1 1 2 2 2 2 2
1 1 1 1 1 1 1 1 1 1
1 1 1 1 1 1 1 1 1 1
1 1 1 1 1 1 1 1 1 1
1 1 1 1 1 1 1 1 1 1
1 1 1 1 1 2 2 2 2 2
1 1 1 1 1 1 1 1 1 1
1 1 1 1 1 1 1 1 1 1
1 1 1 1 1 1 1 1 1 1
1 1 1 1 1 1 1 1 1 1
1 1 1 1 1 2 2 2 2 2
1 1 1 1 1 1 1 1 1 1
1 1 1 1 1 1 1 1 1 1
1 1 1 1 1 1 1 1 1 1
1 1 1 1 1 1 1 1 1 1
1 1 1 1 1 2 2 2 2 2
1 1 1 1 1 1 1 1 1 1
1 1 1 1 1 1 1 1 1 1
1 1 1 1 1 1 1 1 1 1
1 1 1 1 1 1 1 1 1 1
1 1 1 1 1 2 2 2 2 2
1 1 1 1 1 1 1 1 1 1
1 1 1 1 1 1 1 1 1 1
1 1 1 1 1 1 1 1 1 1
1 1 1 1 1 1 1 1 1 1
1 1 1 1 1 2 2 2 2 2
1 1 1 1 1 1 1 1 1 1
1 1 1 1 1 1 1 1 1 1
1 1 1 1 1 1 1 1 1 1
1 1 1 1 1 1 1 1 1 1
1 1 1 1 1 2 2 2 2 2
1 1 1 1 1 1 1 1 1 1
1 1 1 1 1 1 1 1 1 1
1 1 1 1 1 1 1 1 1 1
1 1 1 1 1 1 1 1 1 1
1 1 1 1 1 2 2 2 2 2
1 1 1 1 1 1 1 1 1 1
1 1 1 1 1 1 1 1 1 1
1 1 1 1 1 1 1 1 1 1
1 1 1 1 1 1 1 1 1 1
1 1 1 1 1 2 2 2 2 2
1 1 1 1 1 1 1 1 1 1
1 1 1 1 1 1 1 1 1 1
1 1 1 1 1 1 1 1 1 1
1 1 1 1 1 1 1 1 1 1
1 1 1 1 1 2 2 2 2 2
1 1 1 1 1 1 1 1 1 1
1 1 1 1 1 1 1 1 1 1
1 1 1 1 1 1 1 1 1 1
1 1 1 1 1 1 1 1 1 1
1 1 1 1 1 2 2 2 2 2
1 1 1 1 1 1 1 1 1 1
1 1 1 1 1 1 1 1 1 1
1 1 1 1 1 1 1 1 1 1
1 1 1 1 1 1 1 1 1 1
1 1 1 1 1 2 2 2 2 2
1 1 1 1 1 1 1 1 1 1
1 1 1 1 1 1 1 1 1 1

# x 
 -0.5910311 0.02659437 -1.516553 -1.362653 1.178489 -0.9341513 1.323606 0.6249178 -0.04572296 -1.004121 -0.8284332 -0.3483517 -1.538293 -0.2555652 -1.149945 0.01232697 -0.2229695 0.8877716 -0.5921553 -0.6557181 -0.6825176 -0.01585819 -0.4426048 0.3525575 0.07317058 0.0071588 -0.1876001 -0.7657006 -0.2210568 -0.9835886 -1.104284 -0.9381502 0.6786242 -1.577498 -0.8699385 0.484677 -0.1860527 1.545555 -0.6113801 -0.3477565 -1.636516 0.02038144 0.8917427 -0.8727497 0.8900508 -0.3438743 -2.186781 0.8800582 0.7238566 0.2198527 0.7898706 -0.2299939 -0.8185025 0.4997342 0.1591923 0.5426264 -0.1566451 0.4387933 1.487871 0.0601651 -0.8490129 2.339693 -0.121203 -1.950207 0.5387115 1.693515 -0.7909682 -1.075261 -0.6078751 0.7544017 0.4534761 -0.1234337 -0.7630968 0.2282701 1.119462 0.1565732 -0.6887721 0.4529496 -1.067547 0.4015651 -0.06477369 0.3154963 -0.6056816 -0.9075847 2.261609 -0.6032267 -1.297862 0.5064512 -0.8533343 -1.506032 1.202329 -1.027865 0.93827 -0.5431547 0.5130951 -0.3525909 1.326533 -1.140152 1.41311 -0.6021788 

# y 
1 0 2 2 0 2 1 2 0 2
5 7 5 5 5 3 4 5 4 5
1 3 2 3 3 4 2 4 5 2
3 3 4 3 1 3 3 0 2 3
2 1 2 2 2 2 2 2 2 2
2 3 2 5 4 2 3 2 3 2
4 3 4 4 2 4 4 4 3 4
6 6 5 6 6 5 6 6 3 4
3 2 3 3 3 2 5 4 3 2
2 3 4 2 2 2 3 3 3 2
4 0 3 1 2 3 1 1 1 2
2 2 2 2 0 2 1 2 2 3
3 1 1 0 1 3 4 2 4 4
1 1 1 2 2 2 2 2 2 0
7 5 6 6 8 3 4 5 7 4
6 5 4 5 2 6 6 5 5 4
3 4 4 3 3 4 1 2 3 4
3 3 3 2 4 2 2 3 4 3
4 2 3 3 2 3 5 5 2 3
1 3 1 2 0 0 1 2 1 2
1 2 2 1 1 2 1 2 1 1
3 4 3 4 4 4 3 3 4 4
3 5 5 5 6 3 6 5 5 6
5 5 5 4 5 5 4 4 4 5
6 4 6 4 4 6 5 4 5 4
4 3 4 4 1 4 2 4 3 1
4 3 2 5 6 3 4 6 6 5
3 4 2 4 4 4 2 2 4 4
2 3 1 3 2 2 3 3 3 3
5 4 3 4 2 3 1 2 3 4
4 4 3 3 3 4 3 3 3 6
1 0 0 0 1 1 0 0 1 1
8 7 8 7 7 6 7 7 4 6
0 1 0 0 2 0 2 0 1 0
2 2 1 3 1 2 3 6 3 3
4 2 3 4 4 3 3 3 3 4
3 2 1 2 3 3 2 1 2 1
2 2 2 2 1 2 2 2 2 2
3 2 2 2 0 4 4 3 1 1
5 4 5 3 5 7 4 5 7 6
2 2 0 1 0 2 2 0 1 0
1 3 1 1 3 2 2 2 2 2
3 4 3 2 3 4 3 3 3 3
7 6 4 11 5 7 7 7 10 6
6 6 6 4 4 6 6 6 5 5
1 3 2 0 0 2 1 1 3 3
1 0 1 2 2 1 1 1 1 2
4 5 2 5 5 5 5 5 4 5
1 2 1 2 2 2 2 2 2 2
1 3 3 2 2 3 2 1 2 3
5 5 5 5 5 5 5 5 5 5
1 2 2 2 2 3 3 3 3 3
2 2 2 2 2 0 2 2 2 1
6 5 6 6 6 7 4 7 5 6
2 3 2 2 4 4 2 1 2 3
7 7 5 5 7 7 5 6 7 7
5 4 4 5 4 4 5 4 5 4
2 2 2 2 2 2 1 2 2 2
5 4 5 5 5 5 5 5 5 4
7 6 3 6 6 7 7 7 4 6
3 4 3 2 5 4 5 3 1 4
6 6 6 6 6 6 5 6 6 6
4 5 5 3 3 6 6 6 4 5
3 3 3 1 3 3 2 1 3 5
6 4 7 7 6 6 3 7 7 6
6 6 6 6 6 6 6 6 6 6
5 3 5 6 3 4 6 6 4 3
3 4 4 3 2 2 3 4 1 3
3 3 2 1 2 2 1 1 3 0
3 3 3 3 2 2 2 1 3 3
6 7 7 7 7 7 4 7 6 6
8 7 5 7 7 7 5 7 7 8
2 3 2 1 2 2 2 3 1 1
6 4 3 5 5 4 5 7 4 7
6 8 5 8 8 5 4 8 6 7
1 2 2 2 2 2 2 2 2 2
6 3 4 4 4 3 5 6 2 3
5 6 3 2 4 4 4 4 4 3
2 2 3 2 3 3 2 1 3 2
1 3 4 2 2 3 4 2 3 4
3 4 5 5 4 4 4 4 3 2
3 2 1 2 3 2 3 1 3 3
3 4 4 3 3 4 2 1 2 1
1 0 1 1 1 0 1 2 1 1
6 6 6 5 5 6 6 6 5 6
2 0 3 1 0 2 0 1 1 3
1 1 1 2 0 1 1 1 3 1
6 6 5 4 4 6 6 5 4 5
9 6 6 6 5 3 5 5 7 7
2 3 1 1 1 2 3 1 2 1
4 3 3 3 3 3 4 4 4 4
3 2 3 1 2 1 3 2 1 2
4 4 4 2 4 1 3 3 4 4
3 4 3 2 3 2 2 3 3 3
1 1 4 1 3 3 1 2 0 4
3 3 3 4 5 4 4 4 3 1
4 3 2 4 4 4 4 4 2 3
1 2 1 1 1 0 1 1 2 2
5 6 6 5 5 6 5 5 6 6
3 2 4 2 1 3 3 3 4 4

