# Auto generated file Fri Mar 21 12:39:20 2014 
# 
# Number of fleets (res+con+sur)
 2 
# Fleet types (res=0, con=1, sur=2)
 0 2 
# Sample times (only relevent for sur)
 0 0.125 
# Number of years
 50 
# Years
 1963 1964 1965 1966 1967 1968 1969 1970 1971 1972 1973 1974 1975 1976 1977 1978 1979 1980 1981 1982 1983 1984 1985 1986 1987 1988 1989 1990 1991 1992 1993 1994 1995 1996 1997 1998 1999 2000 2001 2002 2003 2004 2005 2006 2007 2008 2009 2010 2011 2012 
# Number of observations 
 493 
# Index1 (index of first obs in each year) 
 1 8 15 22 29 36 43 50 57 64 71 78 85 92 99 106 113 120 127 134 141 153 165 177 189 201 213 225 237 249 261 273 285 297 309 321 333 345 357 369 381 393 405 417 429 441 453 465 477 489 
# Index2 (index of last obs in each year) 
 7 14 21 28 35 42 49 56 63 70 77 84 91 98 105 112 119 126 133 140 152 164 176 188 200 212 224 236 248 260 272 284 296 308 320 332 344 356 368 380 392 404 416 428 440 452 464 476 488 493 
# The observation matrix 
1963 1 1 19444.837
1963 1 2 62593.828
1963 1 3 7063.356
1963 1 4 3536.395
1963 1 5 2788.351
1963 1 6 1212.944
1963 1 7 592.002
1964 1 1 13118.241
1964 1 2 28684.904
1964 1 3 20219.961
1964 1 4 4306.383
1964 1 5 1917.283
1964 1 6 1817.726
1964 1 7 825.923
1965 1 1 114227.87
1965 1 2 58520.463
1965 1 3 17735.357
1965 1 4 9181.567
1965 1 5 2387.073
1965 1 6 950.478
1965 1 7 1090.226
1966 1 1 127145.598
1966 1 2 84752.213
1966 1 3 29915.973
1966 1 4 6184.356
1966 1 5 3378.852
1966 1 6 1278.165
1966 1 7 1111.988
1967 1 1 61269.733
1967 1 2 95755.973
1967 1 3 32853.795
1967 1 4 11261.016
1967 1 5 3271.029
1967 1 6 1973.587
1967 1 7 1438.023
1968 1 1 37100.944
1968 1 2 106909.197
1968 1 3 42783.943
1968 1 4 12392.279
1968 1 5 6076.067
1968 1 6 1414.395
1968 1 7 1465.309
1969 1 1 5461.646
1969 1 2 33005.179
1969 1 3 31691.057
1969 1 4 13710.166
1969 1 5 4565.201
1969 1 6 2895.464
1969 1 7 1281.17
1970 1 1 107718.007
1970 1 2 42617.248
1970 1 3 18640.358
1970 1 4 13338.681
1970 1 5 6297.105
1970 1 6 1762.699
1970 1 7 1494.192
1971 1 1 305050.177
1971 1 2 192756.707
1971 1 3 17265.958
1971 1 4 6754.004
1971 1 5 7100.887
1971 1 6 2699.838
1971 1 7 1749.463
1972 1 1 42274.493
1972 1 2 247326.889
1972 1 3 48304.061
1972 1 4 5681.885
1972 1 5 2726.425
1972 1 6 3200.544
1972 1 7 2811.582
1973 1 1 112314.619
1973 1 2 49229.622
1973 1 3 55178.17
1973 1 4 14072.35
1973 1 5 2205.739
1973 1 6 1109.026
1973 1 7 1848.745
1974 1 1 140339.092
1974 1 2 74877.619
1974 1 3 11475.574
1974 1 4 15824.271
1974 1 5 4623.754
1974 1 6 961.01
1974 1 7 1434.065
1975 1 1 170718.546
1975 1 2 63439.375
1975 1 3 18943.881
1975 1 4 4663.275
1975 1 5 7563.138
1975 1 6 2067.241
1975 1 7 1032.291
1976 1 1 233648.556
1976 1 2 183912.271
1976 1 3 18766.379
1976 1 4 6740.97
1976 1 5 1740.771
1976 1 6 3070.92
1976 1 7 1227.915
1977 1 1 549789.528
1977 1 2 99307.099
1977 1 3 26087.039
1977 1 4 4614.644
1977 1 5 2294.229
1977 1 6 836.184
1977 1 7 1900.979
1978 1 1 58773.675
1978 1 2 254203.922
1978 1 3 17257.985
1978 1 4 9439.763
1978 1 5 3002.984
1978 1 6 1108.077
1978 1 7 1047.602
1979 1 1 619439.901
1979 1 2 96998.845
1979 1 3 44653.365
1979 1 4 4035.171
1979 1 5 3395.086
1979 1 6 712.451
1979 1 7 754.678
1980 1 1 1252297.013
1980 1 2 122459.92
1980 1 3 35055.911
1980 1 4 12315.831
1980 1 5 1964.669
1980 1 6 1272.915
1980 1 7 847.356
1981 1 1 177156.57
1981 1 2 223565.754
1981 1 3 34900.952
1981 1 4 9019.152
1981 1 5 4118.062
1981 1 6 784.626
1981 1 7 860.309
1982 1 1 250252.371
1982 1 2 73746.903
1982 1 3 60509.591
1982 1 4 9567.219
1982 1 5 3475.725
1982 1 6 2065.055
1982 1 7 785.061
1983 1 1 81210.844
1983 1 2 140868.927
1983 1 3 21687.175
1983 1 4 11900.253
1983 1 5 2830.395
1983 1 6 1257.636
1983 1 7 916.392
1983 2 1 5.696
1983 2 2 17.403
1983 2 3 2.997
1983 2 4 2.05
1983 2 5 0.793
1984 1 1 605545.675
1984 1 2 79021.925
1984 1 3 31281.26
1984 1 4 4263.735
1984 1 5 3435.782
1984 1 6 1019.035
1984 1 7 804.485
1984 2 1 17.107
1984 2 2 9.913
1984 2 3 4.375
1984 2 4 0.93
1984 2 5 0.995
1985 1 1 72503.977
1985 1 2 154827.345
1985 1 3 19110.728
1985 1 4 7822.99
1985 1 5 1376.689
1985 1 6 1264.596
1985 1 7 670.908
1985 2 1 1.096
1985 2 2 20.221
1985 2 3 4.562
1985 2 4 3.649
1985 2 5 0.768
1986 1 1 665992.143
1986 1 2 38221.068
1986 1 3 34413.332
1986 1 4 5814.108
1986 1 5 2992.532
1986 1 6 603.986
1986 1 7 863.077
1986 2 1 18.112
1986 2 2 3.793
1986 2 3 7.787
1986 2 4 2.756
1986 2 5 1.368
1987 1 1 49647.232
1987 1 2 190476.131
1987 1 3 9800.274
1987 1 4 8723.455
1987 1 5 1534.31
1987 1 6 1075.412
1987 1 7 565.162
1987 2 1 9.626
1987 2 2 33.252
1987 2 3 1.845
1987 2 4 2.032
1987 2 5 0.659
1988 1 1 36941.546
1988 1 2 72509.089
1988 1 3 44172.434
1988 1 4 3133.981
1988 1 5 2557.453
1988 1 6 655.493
1988 1 7 465.157
1988 2 1 6.99
1988 2 2 7.737
1988 2 3 7.96
1988 2 4 0.702
1988 2 5 0.865
1989 1 1 200504.418
1989 1 2 45108.528
1989 1 3 18685.393
1989 1 4 9865.819
1989 1 5 1001.946
1989 1 6 1035.953
1989 1 7 458.966
1989 2 1 14.953
1989 2 2 6.776
1989 2 3 5.877
1989 2 4 2.668
1989 2 5 0.412
1990 1 1 45932.317
1990 1 2 102988.318
1990 1 3 11984.889
1990 1 4 4339.136
1990 1 5 2467.635
1990 1 6 310.071
1990 1 7 445.374
1990 2 1 4.606
1990 2 2 15.376
1990 2 3 2.141
1990 2 4 1.046
1990 2 5 0.965
1991 1 1 61575.89
1991 1 2 31950.495
1991 1 3 17230.218
1991 1 4 3310.346
1991 1 5 1390.165
1991 1 6 1053.029
1991 1 7 405.858
1991 2 1 2.688
1991 2 2 5.061
1991 2 3 4.757
1991 2 4 1.042
1991 2 5 0.551
1992 1 1 131989.022
1992 1 2 42124.326
1992 1 3 8683.818
1992 1 4 5007.222
1992 1 5 1060.218
1992 1 6 490.691
1992 1 7 447.48
1992 2 1 16.439
1992 2 2 4.821
1992 2 3 1.364
1992 2 4 1.023
1992 2 5 0.312
1993 1 1 38895.703
1993 1 2 84390.413
1993 1 3 11371.562
1993 1 4 3189.599
1993 1 5 1577.319
1993 1 6 434.902
1993 1 7 352.966
1993 2 1 13.619
1993 2 2 20.429
1993 2 3 2.4
1993 2 4 0.807
1993 2 5 0.693
1994 1 1 340259.637
1994 1 2 42290.929
1994 1 3 21305.684
1994 1 4 3083.158
1994 1 5 869.856
1994 1 6 519.236
1994 1 7 254.168
1994 2 1 14.856
1994 2 2 4.51
1994 2 3 3.015
1994 2 4 0.86
1994 2 5 0.486
1995 1 1 61142.608
1995 1 2 107669.779
1995 1 3 12973.684
1995 1 4 5300.68
1995 1 5 802.213
1995 1 6 286.177
1995 1 7 225.244
1995 2 1 12.798
1995 2 2 27.878
1995 2 3 3.461
1995 2 4 1.363
1995 2 5 0.306
1996 1 1 19388.591
1996 1 2 60180.674
1996 1 3 24138.375
1996 1 4 3168.526
1996 1 5 1859.583
1996 1 6 398.547
1996 1 7 304.105
1996 2 1 4.384
1996 2 2 9.512
1996 2 3 6.368
1996 2 4 0.796
1996 2 5 0.663
1997 1 1 111076.923
1997 1 2 43085.446
1997 1 3 18686.82
1997 1 4 6498.575
1997 1 5 1238.443
1997 1 6 699.952
1997 1 7 239.874
1997 2 1 38.005
1997 2 2 7.597
1997 2 3 2.67
1997 2 4 1.142
1997 2 5 0.455
1998 1 1 16863.777
1998 1 2 172876.909
1998 1 3 18471.922
1998 1 4 5966.899
1998 1 5 2401.719
1998 1 6 509.215
1998 1 7 309.158
1998 2 1 2.951
1998 2 2 27.555
1998 2 3 2.309
1998 2 4 1.087
1998 2 5 0.552
1999 1 1 37491.471
1999 1 2 15467.853
1999 1 3 40661.681
1999 1 4 4034.169
1999 1 5 1445.5
1999 1 6 625.659
1999 1 7 339.669
1999 2 1 3.304
1999 2 2 1.878
1999 2 3 8.104
1999 2 4 0.804
1999 2 5 0.452
2000 1 1 46275.062
2000 1 2 28682.77
2000 1 3 6471.848
2000 1 4 6696.758
2000 1 5 1021.119
2000 1 6 384.915
2000 1 7 203.181
2000 2 1 6.639
2000 2 2 5.537
2000 2 3 0.889
2000 2 4 2.152
2000 2 5 0.436
2001 1 1 7819.998
2001 1 2 54778.105
2001 1 3 6972.277
2001 1 4 1142.486
2001 1 5 1079.773
2001 1 6 144.053
2001 1 7 132.503
2001 2 1 3.378
2001 2 2 9.316
2001 2 3 1.891
2001 2 4 0.293
2001 2 5 0.41
2002 1 1 20564.877
2002 1 2 10492.365
2002 1 3 15223.454
2002 1 4 2518.759
2002 1 5 366.071
2002 1 6 348.652
2002 1 7 101.28
2002 2 1 11.491
2002 2 2 4.24
2002 2 3 4.54
2002 2 4 0.671
2002 2 5 0.143
2003 1 1 8911.344
2003 1 2 19591.334
2003 1 3 4628.634
2003 1 4 2728.346
2003 1 5 460.41
2003 1 6 68.281
2003 1 7 73.795
2003 2 1 0.756
2003 2 2 4.168
2003 2 3 1.301
2003 2 4 1.415
2003 2 5 0.48
2004 1 1 13454.039
2004 1 2 8744.425
2004 1 3 6106.834
2004 1 4 1965.168
2004 1 5 987.633
2004 1 6 149.658
2004 1 7 76.829
2004 2 1 8.37
2004 2 2 2.114
2004 2 3 1.525
2004 2 4 0.435
2004 2 5 0.556
2005 1 1 12792.07
2005 1 2 13882.637
2005 1 3 2972.583
2005 1 4 1646.199
2005 1 5 478.44
2005 1 6 394.377
2005 1 7 65.584
2005 2 1 2.723
2005 2 2 3.283
2005 2 3 0.94
2005 2 4 0.665
2005 2 5 0.229
2006 1 1 28596.34
2006 1 2 10494.77
2006 1 3 5251.431
2006 1 4 1067.673
2006 1 5 482.577
2006 1 6 153.37
2006 1 7 144.4
2006 2 1 8.131
2006 2 2 1.644
2006 2 3 1.316
2006 2 4 0.261
2006 2 5 0.156
2007 1 1 15862.315
2007 1 2 27035.406
2007 1 3 3949.468
2007 1 4 1902.593
2007 1 5 356.039
2007 1 6 138.987
2007 1 7 85.189
2007 2 1 3.397
2007 2 2 6.658
2007 2 3 1.247
2007 2 4 0.375
2007 2 5 0.331
2008 1 1 8939.978
2008 1 2 12565.075
2008 1 3 11767.302
2008 1 4 1212.418
2008 1 5 717.507
2008 1 6 183.272
2008 1 7 131.525
2008 2 1 3.62
2008 2 2 2.279
2008 2 3 3.09
2008 2 4 0.721
2008 2 5 0.464
2009 1 1 9219.569
2009 1 2 11422.983
2009 1 3 4197.569
2009 1 4 3279.627
2009 1 5 580.898
2009 1 6 261.204
2009 1 7 120.775
2009 2 1 2.178
2009 2 2 3.57
2009 2 3 1.179
2009 2 4 0.986
2009 2 5 0.327
2010 1 1 10347.251
2010 1 2 12004.236
2010 1 3 5642.472
2010 1 4 1618.197
2010 1 5 1302.627
2010 1 6 238.45
2010 1 7 122.087
2010 2 1 5.814
2010 2 2 4.635
2010 2 3 1.862
2010 2 4 0.648
2010 2 5 0.533
2011 1 1 5385.059
2011 1 2 15383.444
2011 1 3 4712.664
2011 1 4 1590.184
2011 1 5 613.327
2011 1 6 586.097
2011 1 7 111.493
2011 2 1 1.103
2011 2 2 7.038
2011 2 3 1.94
2011 2 4 0.75
2011 2 5 0.417
2012 2 1 5.144
2012 2 2 3.529
2012 2 3 4.942
2012 2 4 1.214
2012 2 5 0.326
# Proportion mature
0.01 0.05 0.23 0.62 0.86 1 1
0.01 0.05 0.23 0.62 0.86 1 1
0.01 0.05 0.23 0.62 0.86 1 1
0.01 0.05 0.23 0.62 0.86 1 1
0.01 0.05 0.23 0.62 0.86 1 1
0.01 0.05 0.23 0.62 0.86 1 1
0.01 0.05 0.23 0.62 0.86 1 1
0.01 0.05 0.23 0.62 0.86 1 1
0.01 0.05 0.23 0.62 0.86 1 1
0.01 0.05 0.23 0.62 0.86 1 1
0.01 0.05 0.23 0.62 0.86 1 1
0.01 0.05 0.23 0.62 0.86 1 1
0.01 0.05 0.23 0.62 0.86 1 1
0.01 0.05 0.23 0.62 0.86 1 1
0.01 0.05 0.23 0.62 0.86 1 1
0.01 0.05 0.23 0.62 0.86 1 1
0.01 0.05 0.23 0.62 0.86 1 1
0.01 0.05 0.23 0.62 0.86 1 1
0.01 0.05 0.23 0.62 0.86 1 1
0.01 0.05 0.23 0.62 0.86 1 1
0.01 0.05 0.23 0.62 0.86 1 1
0.01 0.05 0.23 0.62 0.86 1 1
0.01 0.05 0.23 0.62 0.86 1 1
0.01 0.05 0.23 0.62 0.86 1 1
0.01 0.05 0.23 0.62 0.86 1 1
0.01 0.05 0.23 0.62 0.86 1 1
0.01 0.05 0.23 0.62 0.86 1 1
0.01 0.05 0.23 0.62 0.86 1 1
0.01 0.05 0.23 0.62 0.86 1 1
0.01 0.05 0.23 0.62 0.86 1 1
0.01 0.05 0.23 0.62 0.86 1 1
0.01 0.05 0.23 0.62 0.86 1 1
0.01 0.05 0.23 0.62 0.86 1 1
0.01 0.05 0.23 0.62 0.86 1 1
0.01 0.05 0.23 0.62 0.86 1 1
0.01 0.05 0.23 0.62 0.86 1 1
0.01 0.05 0.23 0.62 0.86 1 1
0.01 0.05 0.23 0.62 0.86 1 1
0.01 0.05 0.23 0.62 0.86 1 1
0.01 0.05 0.23 0.62 0.86 1 1
0.01 0.05 0.23 0.62 0.86 1 1
0.01 0.05 0.23 0.62 0.86 1 1
0.01 0.05 0.23 0.62 0.86 1 1
0.01 0.05 0.23 0.62 0.86 1 1
0.01 0.05 0.23 0.62 0.86 1 1
0.01 0.05 0.23 0.62 0.86 1 1
0.01 0.05 0.23 0.62 0.86 1 1
0.01 0.05 0.23 0.62 0.86 1 1
0.01 0.05 0.23 0.62 0.86 1 1
0.01 0.05 0.23 0.62 0.86 1 1
# Stock mean weights
0.314 0.808 2.647 4.491 6.794 9.409 11.9405996601363
0.357 0.762 2.367 4.528 6.447 8.52 10.8862810407266
0.313 0.9 2.295 4.512 7.274 9.498 12.1943645473507
0.314 0.836 2.437 4.169 7.027 9.599 12.5355232214736
0.326 0.868 2.395 3.153 6.803 9.61 12.4383192278566
0.328 0.847 2.215 4.094 5.341 8.02 9.48139084111269
0.416 0.755 2.127 3.852 5.715 6.722 9.79355178235519
0.449 0.845 2.028 4.001 6.131 7.945 10.5119765351441
0.313 0.834 2.188 4.258 6.528 8.646 11.3120713710436
0.3 0.729 2.08 3.968 6.011 8.246 10.2984139683637
0.335 0.7 1.912 3.776 5.488 7.453 9.76008056059651
0.304 0.901 2.206 4.156 6.174 8.333 11.3140859298567
0.304 0.76 2.348 4.226 6.404 8.691 11.2838271911699
0.199 0.722 2.449 4.577 6.494 8.62 10.7772439403379
0.295 0.673 2.128 4.606 6.714 8.828 10.7641927012345
0.432 0.743 2.001 4.146 6.53 8.667 10.917441823326
0.291 0.905 2.411 4.423 6.579 8.474 11.6163171591063
0.258 0.917 1.948 4.401 6.109 9.12 10.842850133828
0.329 0.769 2.186 4.615 7.045 8.884 10.8631778907346
0.358 0.908 1.856 4.13 6.785 8.903 11.505754886563
0.403 0.882 1.833 3.88 6.491 8.423 10.7278341539429
0.304 0.921 2.156 3.972 6.19 8.362 11.1156226977507
0.314 0.8 2.132 4.164 6.324 8.43 11.5020986722472
0.293 0.782 1.822 3.504 6.23 8.14 10.8777735068829
0.437 0.773 1.955 3.65 6.052 8.307 11.7773112399631
0.466 0.753 1.974 3.187 5.992 7.914 11.3685665807459
0.364 0.931 1.81 3.585 5.273 7.921 10.85178020812
0.382 0.69 2.165 3.791 5.931 7.89 11.0778835383296
0.392 0.889 1.994 3.971 6.082 8.033 10.4625536739451
0.395 0.97 2.545 4.223 6.247 8.483 10.5642210467507
0.327 0.845 2.478 4.551 6.54 8.094 10.3802053030604
0.305 0.788 2.188 4.471 7.167 8.436 10.3629062627868
0.42 0.768 2.207 4.293 7.22 8.98 10.9229418097707
0.433 0.831 2.095 4.034 6.637 8.494 10.5575595501554
0.386 0.797 2.117 3.821 6.228 8.394 10.7199207583982
0.372 0.633 1.622 3.495 5.387 7.563 10.1181308360127
0.317 0.732 1.405 3.305 5.726 7.403 9.31419209877852
0.354 0.903 1.747 3.216 4.903 7.488 10.0184222491276
0.372 0.605 2.093 3.663 5.871 7.333 9.84925468857309
0.456 0.916 1.712 3.857 5.372 7.991 10.2047126579779
0.275 0.752 1.533 3.191 5.113 7.27 9.8288833118775
0.341 0.671 1.713 3.096 5.172 7.426 9.50912128232829
0.348 0.895 1.945 3.695 5.055 7.555 10.2324164277873
0.217 0.771 1.972 3.61 5.59 6.848 9.26988137811634
0.276 0.863 2.187 4.064 5.607 8.467 9.67628312340795
0.33 0.904 1.971 3.834 5.692 7.228 10.0954477475765
0.39 1.029 2.335 3.972 6.041 7.538 9.67204368453736
0.293 1.028 2.453 4.199 6.049 7.692 9.63098709117269
0.335 0.835 2.424 4.349 6.245 7.71 10.0075438727095
0.335 0.835 2.424 4.349 6.245 7.71 10.0075438727095
# Catch mean weights
0.314 0.808 2.647 4.491 6.794 9.409 11.9405996601363
0.357 0.762 2.367 4.528 6.447 8.52 10.8862810407266
0.313 0.9 2.295 4.512 7.274 9.498 12.1943645473507
0.314 0.836 2.437 4.169 7.027 9.599 12.5355232214736
0.326 0.868 2.395 3.153 6.803 9.61 12.4383192278566
0.328 0.847 2.215 4.094 5.341 8.02 9.48139084111269
0.416 0.755 2.127 3.852 5.715 6.722 9.79355178235519
0.449 0.845 2.028 4.001 6.131 7.945 10.5119765351441
0.313 0.834 2.188 4.258 6.528 8.646 11.3120713710436
0.3 0.729 2.08 3.968 6.011 8.246 10.2984139683637
0.335 0.7 1.912 3.776 5.488 7.453 9.76008056059651
0.304 0.901 2.206 4.156 6.174 8.333 11.3140859298567
0.304 0.76 2.348 4.226 6.404 8.691 11.2838271911699
0.199 0.722 2.449 4.577 6.494 8.62 10.7772439403379
0.295 0.673 2.128 4.606 6.714 8.828 10.7641927012345
0.432 0.743 2.001 4.146 6.53 8.667 10.917441823326
0.291 0.905 2.411 4.423 6.579 8.474 11.6163171591063
0.258 0.917 1.948 4.401 6.109 9.12 10.842850133828
0.329 0.769 2.186 4.615 7.045 8.884 10.8631778907346
0.358 0.908 1.856 4.13 6.785 8.903 11.505754886563
0.403 0.882 1.833 3.88 6.491 8.423 10.7278341539429
0.304 0.921 2.156 3.972 6.19 8.362 11.1156226977507
0.314 0.8 2.132 4.164 6.324 8.43 11.5020986722472
0.293 0.782 1.822 3.504 6.23 8.14 10.8777735068829
0.437 0.773 1.955 3.65 6.052 8.307 11.7773112399631
0.466 0.753 1.974 3.187 5.992 7.914 11.3685665807459
0.364 0.931 1.81 3.585 5.273 7.921 10.85178020812
0.382 0.69 2.165 3.791 5.931 7.89 11.0778835383296
0.392 0.889 1.994 3.971 6.082 8.033 10.4625536739451
0.395 0.97 2.545 4.223 6.247 8.483 10.5642210467507
0.327 0.845 2.478 4.551 6.54 8.094 10.3802053030604
0.305 0.788 2.188 4.471 7.167 8.436 10.3629062627868
0.42 0.768 2.207 4.293 7.22 8.98 10.9229418097707
0.433 0.831 2.095 4.034 6.637 8.494 10.5575595501554
0.386 0.797 2.117 3.821 6.228 8.394 10.7199207583982
0.372 0.633 1.622 3.495 5.387 7.563 10.1181308360127
0.317 0.732 1.405 3.305 5.726 7.403 9.31419209877852
0.354 0.903 1.747 3.216 4.903 7.488 10.0184222491276
0.372 0.605 2.093 3.663 5.871 7.333 9.84925468857309
0.456 0.916 1.712 3.857 5.372 7.991 10.2047126579779
0.275 0.752 1.533 3.191 5.113 7.27 9.8288833118775
0.341 0.671 1.713 3.096 5.172 7.426 9.50912128232829
0.348 0.895 1.945 3.695 5.055 7.555 10.2324164277873
0.217 0.771 1.972 3.61 5.59 6.848 9.26988137811634
0.276 0.863 2.187 4.064 5.607 8.467 9.67628312340795
0.33 0.904 1.971 3.834 5.692 7.228 10.0954477475765
0.39 1.029 2.335 3.972 6.041 7.538 9.67204368453736
0.293 1.028 2.453 4.199 6.049 7.692 9.63098709117269
0.335 0.835 2.424 4.349 6.245 7.71 10.0075438727095
# Natural Mortality
1.107 0.789 0.233 0.202 0.2 0.2 0.2
1.147 0.804 0.241 0.202 0.2 0.2 0.2
1.184 0.819 0.248 0.202 0.2 0.2 0.2
1.217 0.831 0.254 0.202 0.2 0.2 0.2
1.242 0.839 0.261 0.202 0.2 0.2 0.2
1.26 0.843 0.266 0.202 0.2 0.2 0.2
1.273 0.844 0.271 0.202 0.2 0.2 0.2
1.282 0.842 0.275 0.202 0.2 0.2 0.2
1.287 0.838 0.277 0.201 0.2 0.2 0.2
1.29 0.832 0.279 0.201 0.2 0.2 0.2
1.291 0.826 0.28 0.201 0.2 0.2 0.2
1.292 0.819 0.28 0.2 0.2 0.2 0.2
1.293 0.811 0.28 0.2 0.2 0.2 0.2
1.296 0.803 0.28 0.2 0.2 0.2 0.2
1.301 0.795 0.282 0.2 0.2 0.2 0.2
1.306 0.787 0.284 0.2 0.2 0.2 0.2
1.311 0.779 0.286 0.2 0.2 0.2 0.2
1.314 0.771 0.29 0.2 0.2 0.2 0.2
1.314 0.762 0.293 0.2 0.2 0.2 0.2
1.31 0.754 0.296 0.2 0.2 0.2 0.2
1.301 0.746 0.298 0.201 0.2 0.2 0.2
1.287 0.738 0.3 0.201 0.2 0.2 0.2
1.269 0.73 0.3 0.201 0.2 0.2 0.2
1.248 0.724 0.3 0.201 0.2 0.2 0.2
1.226 0.719 0.299 0.202 0.2 0.2 0.2
1.204 0.716 0.297 0.202 0.2 0.2 0.2
1.183 0.715 0.296 0.202 0.2 0.2 0.2
1.164 0.715 0.295 0.202 0.2 0.2 0.2
1.149 0.716 0.295 0.202 0.2 0.2 0.2
1.135 0.717 0.297 0.202 0.2 0.2 0.2
1.124 0.716 0.302 0.203 0.2 0.2 0.2
1.113 0.714 0.309 0.204 0.2 0.2 0.2
1.102 0.711 0.319 0.205 0.2 0.2 0.2
1.09 0.705 0.331 0.207 0.2 0.2 0.2
1.077 0.698 0.346 0.209 0.2 0.2 0.2
1.064 0.691 0.363 0.211 0.2 0.2 0.2
1.051 0.683 0.381 0.214 0.2 0.2 0.2
1.04 0.678 0.4 0.217 0.2 0.2 0.2
1.032 0.676 0.417 0.22 0.2 0.2 0.2
1.028 0.676 0.434 0.223 0.2 0.2 0.2
1.027 0.679 0.449 0.225 0.2 0.2 0.2
1.029 0.684 0.462 0.227 0.2 0.2 0.2
1.032 0.688 0.472 0.229 0.2 0.2 0.2
1.036 0.692 0.48 0.23 0.2 0.2 0.2
1.038 0.695 0.484 0.231 0.2 0.2 0.2
1.039 0.696 0.487 0.232 0.2 0.2 0.2
1.039 0.697 0.489 0.232 0.2 0.2 0.2
1.038 0.698 0.49 0.233 0.2 0.2 0.2
1.038 0.698 0.49 0.233 0.2 0.2 0.2
1.038 0.698 0.49 0.233 0.2 0.2 0.2
# Landing Fraction L/(L+D)
0.165280326083474 0.680434179548821 0.9953427237704 1 1 1 1
0.38334064757615 0.783897655714657 0.994278178874826 1 1 1 1
0.138437090702996 0.886671317005814 0.994929450813987 1 1 1 1
0.143333920219558 0.737630261052888 0.997625114850852 1 1 1 1
0.176317318046743 0.740368885395797 0.995116180642145 1 1 1 1
0.15712009915435 0.784182926750446 0.995379598369416 1 1 1 1
0.539518672575996 0.686997849640506 0.99642381760886 1 1 1 1
0.505882707243182 0.795862557807581 0.991815285951053 1 1 1 1
0.14693906897815 0.805910240000105 0.997254655664053 1 1 1 1
0.0906461018941138 0.75885770754186 0.996314636982592 1 1 1 1
0.231189165143319 0.645039057988298 0.995517158325475 1 1 1 1
0.110887221644558 0.786877985529962 0.993790811684017 1 1 1 1
0.195514352611696 0.74312120824015 1 1 1 1 1
0.0244973694594543 0.545274436853645 0.989742134057934 1 1 1 1
0.13716624300636 0.514746201578197 0.982132046492513 1 1 1 1
0.505857290700301 0.691281643561739 1 1 1 1 1
0.0562399079293408 0.945342885268376 1 1 1 1 1
0.0499920532829699 0.855042572296307 1 1 1 1 1
0.114469240401302 0.84541896340707 0.997711294522854 1 1 1 1
0.266838063244564 0.885449101503286 0.99836852309909 1 1 1 1
0.316866033309542 0.920232543547379 0.998848489948553 1 1 1 1
0.10692918085824 0.840626737452928 0.999843836213759 1 1 1 1
0.121989942703419 0.762443326790884 0.993960407997016 1 1 1 1
0.150510355194986 0.848669717968111 0.991149680013548 1 1 1 1
0.501839578891327 0.673478799293755 1 1 1 1 1
0.581462400084718 0.763083039148375 0.99507213027926 1 1 1 1
0.110917715538817 0.806011027449178 0.973645724229616 1 1 1 1
0.255551619571031 0.527143330955264 0.993430143574964 1 1 1 1
0.218691163050993 0.734121584031797 0.973646938187317 1 1 1 1
0.209625555070785 0.761067417434762 0.99977452314178 1 1 1 1
0.122980731316259 0.654954822889657 0.998972084925536 1 1 1 1
0.0457202891802297 0.597732388427788 0.992417328633993 1 1 1 1
0.257057255392181 0.59056919769474 0.997663423897175 1 1 1 1
0.254680497412112 0.611567128676558 0.967919837188709 1 1 1 1
0.213985401810239 0.67757546248912 0.997814502414001 1 1 1 1
0.0744406783842078 0.472806428995095 0.918016219427518 1 1 1 1
0.158469802371851 0.629095453648286 0.792502479176894 1 1 1 1
0.17923861452633 0.803011564085338 1 1 1 1 1
0.283856594336725 0.380292399673191 0.889179532023756 1 1 1 1
0.349716217607331 0.750066453082789 0.870494501444942 1 1 1 1
0.0448863830192169 0.490793582509491 0.758446228412097 0.974861326239414 0.975026606720097 0.972525299863798 0.987248458567654
0.118101486103913 0.466934990007919 0.810376047555902 1 1 1 1
0.117399685899155 0.591352060851263 0.963706648392997 0.988667834204735 0.990910040966474 0.992877373680514 1
0.0666571316469171 0.469882522437366 0.846862502811139 0.950347156854205 0.975040252643619 0.985023146638847 0.993711911357341
0.0782223780072455 0.253463291803349 0.618670413331618 0.805061828777884 0.863419456857254 0.823465503967997 0.970195682541173
0.0622004886365492 0.270592654639944 0.36481540118542 0.877242007294514 0.970953593484105 0.928576105460736 0.971845656719255
0.0672455512833626 0.385411673990936 0.658243140255705 0.821180579376862 0.942261808441413 0.937079830324191 0.916207824466984
0.0873587583793995 0.431101821057167 0.788689071031278 0.968076198386229 0.98334442630162 0.999089955965611 0.999787037112879
0.184658515347743 0.339187440731737 0.812746887959761 0.938219099173429 0.981324807158335 0.988133363589986 0.975406527764075
# Discard mean weights
0.27 0.393 0.505 0 0 0 0
0.27 0.393 0.508 0 0 0 0
0.269 0.392 0.506 0 0 0 0
0.269 0.392 0.509 0 0 0 0
0.269 0.392 0.506 0 0 0 0
0.269 0.392 0.505 0 0 0 0
0.268 0.392 0.504 0 0 0 0
0.268 0.392 0.505 0 0 0 0
0.268 0.392 0.508 0 0 0 0
0.268 0.392 0.507 0 0 0 0
0.268 0.392 0.507 0 0 0 0
0.268 0.392 0.508 0 0 0 0
0.227 0.359 0 0 0 0 0
0.189 0.354 0.412 0 0 0 0
0.255 0.382 0.376 0 0 0 0
0.287 0.309 0 0 0 0 0
0.276 0.361 0 0 0 0 0
0.242 0.411 0 0 0 0 0
0.279 0.396 0.517 0 0 0 0
0.274 0.489 0.593 0 0 0 0
0.297 0.458 0.534 0 0 0 0
0.27 0.469 0.509 0 0 0 0
0.276 0.376 0.652 0 0 0 0
0.242 0.365 0.437 0 0 0 0
0.237 0.353 0 0 0 0 0
0.3 0.339 0.463 0 0 0 0
0.326 0.431 0.484 0 0 0 0
0.26 0.371 0.526 0 0 0 0
0.315 0.366 0.395 0 0 0 0
0.314 0.408 2.309 0 0 0 0
0.274 0.429 0.705 0 0 0 0
0.287 0.362 0.483 0 0 0 0
0.316 0.404 0.553 0 0 0 0
0.342 0.38 0.515 0 0 0 0
0.313 0.453 0.616 0 0 0 0
0.358 0.375 0.481 0 0 0 0
0.257 0.389 0.422 0 0 0 0
0.298 0.422 0 0 0 0 0
0.232 0.361 0.406 0 0 0 0
0.294 0.42 0.34 0 0 0 0
0.259 0.344 0.54 0.675 2.272 2.849 3.39131433023918
0.293 0.384 0.427 0 0 0 0
0.284 0.468 1.084 4.099 4.501 8.197 0
0.179 0.426 0.751 1.3 2.862 4.663 8.82140384349031
0.231 0.762 1.881 4.136 6.141 9.724 6.2211650917372
0.299 0.683 1.66 2.459 2.848 8.051 0.820518532598365
0.366 0.84 1.689 3.339 6.769 7.951 7.90527279652246
0.244 0.831 1.484 3.169 5.414 5.291 5.0165973936619
0.248 0.595 2.005 4.119 5.709 6.781 8.69478728709426
# Landing mean weights
0.538 1.004 2.657 4.491 6.794 9.409 11.9405996601363
0.496 0.863 2.377 4.528 6.447 8.52 10.8862810407266
0.581 0.965 2.304 4.512 7.274 9.498 12.1943645473507
0.579 0.994 2.442 4.169 7.027 9.599 12.5355232214736
0.59 1.035 2.404 3.153 6.803 9.61 12.4383192278566
0.64 0.973 2.223 4.094 5.341 8.02 9.48139084111269
0.544 0.921 2.133 3.852 5.715 6.722 9.79355178235519
0.626 0.961 2.041 4.001 6.131 7.945 10.5119765351441
0.579 0.941 2.193 4.258 6.528 8.646 11.3120713710436
0.616 0.836 2.086 3.968 6.011 8.246 10.2984139683637
0.559 0.869 1.919 3.776 5.488 7.453 9.76008056059651
0.594 1.039 2.217 4.156 6.174 8.333 11.3140859298567
0.619 0.899 2.348 4.226 6.404 8.691 11.2838271911699
0.568 1.029 2.47 4.577 6.494 8.62 10.7772439403379
0.541 0.948 2.16 4.606 6.714 8.828 10.7641927012345
0.573 0.937 2.001 4.146 6.53 8.667 10.917441823326
0.55 0.936 2.411 4.423 6.579 8.474 11.6163171591063
0.55 1.003 1.948 4.401 6.109 9.12 10.842850133828
0.723 0.837 2.19 4.615 7.045 8.884 10.8631778907346
0.589 0.962 1.858 4.13 6.785 8.903 11.505754886563
0.632 0.919 1.835 3.88 6.491 8.423 10.7278341539429
0.594 1.007 2.156 3.972 6.19 8.362 11.1156226977507
0.59 0.932 2.141 4.164 6.324 8.43 11.5020986722472
0.583 0.856 1.834 3.504 6.23 8.14 10.8777735068829
0.635 0.976 1.955 3.65 6.052 8.307 11.7773112399631
0.585 0.881 1.982 3.187 5.992 7.914 11.3685665807459
0.673 1.052 1.846 3.585 5.273 7.921 10.85178020812
0.737 0.976 2.176 3.791 5.931 7.89 11.0778835383296
0.67 1.078 2.038 3.971 6.082 8.033 10.4625536739451
0.699 1.146 2.546 4.223 6.247 8.483 10.5642210467507
0.699 1.065 2.479 4.551 6.54 8.094 10.3802053030604
0.677 1.075 2.201 4.471 7.167 8.436 10.3629062627868
0.721 1.021 2.21 4.293 7.22 8.98 10.9229418097707
0.699 1.117 2.147 4.034 6.637 8.494 10.5575595501554
0.656 0.96 2.12 3.821 6.228 8.394 10.7199207583982
0.542 0.922 1.724 3.495 5.387 7.563 10.1181308360127
0.64 0.935 1.663 3.305 5.726 7.403 9.31419209877852
0.611 1.021 1.747 3.216 4.903 7.488 10.0184222491276
0.725 1.004 2.303 3.663 5.871 7.333 9.84925468857309
0.758 1.082 1.916 3.857 5.372 7.991 10.2047126579779
0.608 1.174 1.849 3.256 5.186 7.395 9.90176707093976
0.7 0.997 2.014 3.096 5.172 7.426 9.50912128232829
0.828 1.19 1.978 3.69 5.06 7.551 10.2324164277873
0.75 1.161 2.192 3.731 5.66 6.882 9.25773626038781
0.805 1.161 2.376 4.046 5.523 8.197 9.65900228902793
0.801 1.503 2.511 4.026 5.777 7.164 10.3825467933853
0.717 1.33 2.671 4.109 5.996 7.511 9.3699895590975
0.803 1.287 2.712 4.233 6.06 7.694 9.63185365354215
0.722 1.301 2.52 4.365 6.256 7.721 10.0531801368696
# Proportion of F before spawning 
0 0 0 0 0 0 0
0 0 0 0 0 0 0
0 0 0 0 0 0 0
0 0 0 0 0 0 0
0 0 0 0 0 0 0
0 0 0 0 0 0 0
0 0 0 0 0 0 0
0 0 0 0 0 0 0
0 0 0 0 0 0 0
0 0 0 0 0 0 0
0 0 0 0 0 0 0
0 0 0 0 0 0 0
0 0 0 0 0 0 0
0 0 0 0 0 0 0
0 0 0 0 0 0 0
0 0 0 0 0 0 0
0 0 0 0 0 0 0
0 0 0 0 0 0 0
0 0 0 0 0 0 0
0 0 0 0 0 0 0
0 0 0 0 0 0 0
0 0 0 0 0 0 0
0 0 0 0 0 0 0
0 0 0 0 0 0 0
0 0 0 0 0 0 0
0 0 0 0 0 0 0
0 0 0 0 0 0 0
0 0 0 0 0 0 0
0 0 0 0 0 0 0
0 0 0 0 0 0 0
0 0 0 0 0 0 0
0 0 0 0 0 0 0
0 0 0 0 0 0 0
0 0 0 0 0 0 0
0 0 0 0 0 0 0
0 0 0 0 0 0 0
0 0 0 0 0 0 0
0 0 0 0 0 0 0
0 0 0 0 0 0 0
0 0 0 0 0 0 0
0 0 0 0 0 0 0
0 0 0 0 0 0 0
0 0 0 0 0 0 0
0 0 0 0 0 0 0
0 0 0 0 0 0 0
0 0 0 0 0 0 0
0 0 0 0 0 0 0
0 0 0 0 0 0 0
0 0 0 0 0 0 0
0 0 0 0 0 0 0
# Proportion of M before spawning 
0 0 0 0 0 0 0
0 0 0 0 0 0 0
0 0 0 0 0 0 0
0 0 0 0 0 0 0
0 0 0 0 0 0 0
0 0 0 0 0 0 0
0 0 0 0 0 0 0
0 0 0 0 0 0 0
0 0 0 0 0 0 0
0 0 0 0 0 0 0
0 0 0 0 0 0 0
0 0 0 0 0 0 0
0 0 0 0 0 0 0
0 0 0 0 0 0 0
0 0 0 0 0 0 0
0 0 0 0 0 0 0
0 0 0 0 0 0 0
0 0 0 0 0 0 0
0 0 0 0 0 0 0
0 0 0 0 0 0 0
0 0 0 0 0 0 0
0 0 0 0 0 0 0
0 0 0 0 0 0 0
0 0 0 0 0 0 0
0 0 0 0 0 0 0
0 0 0 0 0 0 0
0 0 0 0 0 0 0
0 0 0 0 0 0 0
0 0 0 0 0 0 0
0 0 0 0 0 0 0
0 0 0 0 0 0 0
0 0 0 0 0 0 0
0 0 0 0 0 0 0
0 0 0 0 0 0 0
0 0 0 0 0 0 0
0 0 0 0 0 0 0
0 0 0 0 0 0 0
0 0 0 0 0 0 0
0 0 0 0 0 0 0
0 0 0 0 0 0 0
0 0 0 0 0 0 0
0 0 0 0 0 0 0
0 0 0 0 0 0 0
0 0 0 0 0 0 0
0 0 0 0 0 0 0
0 0 0 0 0 0 0
0 0 0 0 0 0 0
0 0 0 0 0 0 0
0 0 0 0 0 0 0
0 0 0 0 0 0 0

